"fave1";"fave2";"fave3";"fave4";"fave5"
"U0029-IM-POS/1.png";"U0029-IM-POS/2.png";"U0029-IM-POS/3.png";"U0029-IM-POS/4.png";"U0029-IM-POS/5.png"
"children's playground, a mini train ride, at night";"sixth birthday";"play so batman";"play so batman";"play so batman"